x <- c(1.2, 5.6, 3.2, 0.6, -1)
y <- c(0.5, 1, 4, -3, 2.54)
x + y